310305099 21
310305098 15
310305097 70
310305096 72
310305095 6
310305094 20
310305093 72
310305092 88
310305091 78
310305090 70
310305089 49
310305088 17
310305087 8
310305086 5
310305085 26
310305084 58
310305083 16
310305082 33
310305081 40
310305080 53
310305079 52
310305078 94
310305077 12
310305076 50
310305075 90
310305074 41
310305073 20
310305072 35
310305071 74
310305070 70
310305069 42
310305068 40
310305067 77
310305066 89
310305065 27
310305064 49
310305063 31
310305062 84
310305061 5
310305060 6
310305059 76
310305058 99
310305057 93
310305056 5
310305055 48
310305054 75
310305053 37
310305052 65
310305051 20
310305050 35
310305049 5
310305048 80
310305047 3
310305046 60
310305045 50
310305044 32
310305043 37
310305042 100
310305041 44
310305040 29
310305039 24
310305038 95
310305037 24
310305036 93
310305035 64
310305034 20
310305033 65
310305032 14
310305031 99
310305030 70
310305029 42
310305028 83
310305027 58
310305026 14
310305025 61
310305024 4
310305023 84
310305022 93
310305021 11
310305020 77
310305019 35
310305018 71
310305017 7
310305016 13
310305015 1
310305014 24
310305013 36
310305012 88
310305011 44
310305010 34
310305009 15
310305008 10
310305007 21
310305006 18
310305005 74
310305004 78
310305003 41
310305002 41
310305001 100
310305097 70
310305029 42
310305028 83
310305027 58
310305026 14
310305025 61
310305024 4
310305023 84
310305022 93
310305021 11
310305020 77
310305019 35
310305018 71
310305017 7
310305016 13
310305015 1
310305014 24
310305001 100
310305001 100
310305001 100
310305001 100
310305001 100
310305100 31